2544639
2537995
2549457
2551285
2549364
2531640
2547130
2534987
2549155
2550290
2548819
2550450
2551491
2547060
2537110
2545967
2547930
2537307
2545526
2548432
2546415
2549070
2536421
2548516
2547645
2547429
2531052
2534160
2535660
2534263
2545661
2549401
2548520
2548554
2550432
2551725
2547287
2536141
2526271
2535601
2551869
2549432
2537405
2535969
2531083
2547855
2536885
2546470
2536522
2554085
2538962
2546521
2553715
2548927
2536623
2548462
2551361
2531489
2536940
2549483
2547509
2548098
2549902
2546899
2535342
2547118
2548410
2550395
2531023
2538343
2534217
2536666
2551719
2536981
2548814
2537057
2548006
2544994
2553200
2544740
2551757
2550460
2545537
2548165
2551885
2551590
2536676
2547055
2551281
2549064
2538192
2377514
2251712
2269648
2254619
2286326
2274584
2246257
2232625
2265558
2290874
2508234
2271416
2246940
2232280
2268111
2255346
2268489
2266844
2271530
2245363
2246043
2215206
2229149
2232592
2255001
2392215
2248616
2229327
2266102
2245585
2253232
2445438
2267713
2529531
2265703
2332677
2273549
2252115
2253997
2264310
2254186
2269634
2246978
2271211
2234309
2264995
2255252
2254888
2270637
2243527
2251523
2251555
2266309
2471027
2269856
2289825
2415600
2493199
2346391
2272425
2546298
2375942
2248930
2235039
2265937
2244743
2247280
2413951
2425555
2265774
2251506
2253333
2334328
2264143
2252543
2372251
2351829
2466324
2395833
2533757
2345450
2434186
2270539
2228856
2249619
2232705
2248126
2254906
2271154
2464417
2254022
2264973
2531928
2547042
2533623
2416929
2511070
2533429
2547311
2535996
2444518
2273316
2363543
2517901
2430749
2535832
2547174
2436603
2245873
2271190
2253868
2253609
2247884
2370578
2532474
2310971
2533439
2477315
2491315
2532478
2273445
2273304
2246145
2250113
2272720
2508910
2450862
2252213
2347584
2336153
2250147
2296266
2282116
2426910
2492162
2495054
2510843
2327785
2429226
2373184
2489917
2501949
2373393
2507512
2273882
2483491
2544666
2431172
2330386
2294585
2402427
2252694
2289037
2284489
2274082
2286320
2256310
2266644
2267731
2268066
2270339
